%YAML:1.0
image_width: 640
image_height: 480
left_camera_matrix: !!opencv-matrix
  rows: 3
  cols: 3
  dt: d
  data: [ 425.58752348, 0.36626014, 375.38140542, 0.00000000, 425.71894863, 218.51293892, 0.00000000, 0.00000000, 1.00000000 ]
left_distortion_coefficients: !!opencv-matrix
  rows: 1
  cols: 5
  dt: d
  data: [ -0.39193455, 0.16333830, 0.00038830, 0.00039061, -0.03368773 ]
right_camera_matrix: !!opencv-matrix
  rows: 3
  cols: 3
  dt: d
  data: [ 424.94152958, 0.28191693, 366.72684376, 0.00000000, 425.08636135, 211.13377412, 0.00000000, 0.00000000, 1.00000000 ]
right_distortion_coefficients: !!opencv-matrix
  rows: 1
  cols: 5
  dt: d
  data: [ -0.38795857, 0.15709284, 0.00059351, 0.00077740, -0.03089768 ]
R: !!opencv-matrix
  rows: 3
  cols: 3
  dt: d
  data: [ 0.99986647, 0.00141070, -0.01628053, -0.00131995, 0.99998354, 0.00558330, 0.01628814, -0.00556107, 0.99985187 ]
T: !!opencv-matrix
  rows: 3
  cols: 1
  dt: d
  data: [ -58.87756089, -0.09264953, 0.54646891 ]
E: !!opencv-matrix
  rows: 3
  cols: 3
  dt: d
  data: [ 0.00073748, -0.54697721, -0.08959686, -0.41216204, 0.32801005, 58.87774058, 0.00957870, -58.87671418, 0.32893131 ]
F: !!opencv-matrix
  rows: 3
  cols: 3
  dt: d
  data: [ 0.00000000, -0.00000302, 0.00044831, -0.00000228, 0.00000182, 0.13896614, 0.00050203, -0.13757422, 1.03586239 ]
