%YAML:1.0
image_width: 800
image_height: 600
left_camera_matrix: !!opencv-matrix
  rows: 3
  cols: 3
  dt: d
  data: [ 523.14372270, 0.71423161, 455.29557093, 0.00000000, 524.08548028, 276.71923353, 0.00000000, 0.00000000, 1.00000000 ]
left_distortion_coefficients: !!opencv-matrix
  rows: 1
  cols: 5
  dt: d
  data: [ -0.37246963, 0.13759610, -0.00023113, 0.00271891, -0.02290538 ]
right_camera_matrix: !!opencv-matrix
  rows: 3
  cols: 3
  dt: d
  data: [ 522.35340528, 1.01102783, 447.29660279, 0.00000000, 523.42840088, 268.78517597, 0.00000000, 0.00000000, 1.00000000 ]
right_distortion_coefficients: !!opencv-matrix
  rows: 1
  cols: 5
  dt: d
  data: [ -0.36978349, 0.13398071, 0.00008651, 0.00240902, -0.02180900 ]
R: !!opencv-matrix
  rows: 3
  cols: 3
  dt: d
  data: [ 0.99936278, 0.00221831, -0.03562456, -0.00169515, 0.99989038, 0.01470894, 0.03565329, -0.01463918, 0.99925699 ]
T: !!opencv-matrix
  rows: 3
  cols: 1
  dt: d
  data: [ -61.41717201, -0.81392197, 2.12832265 ]
E: !!opencv-matrix
  rows: 3
  cols: 3
  dt: d
  data: [ 0.02427433, -2.14006127, -0.78216033, -0.06099342, 0.89977355, 61.44742031, 0.67716085, -61.41181923, 0.92811580 ]
F: !!opencv-matrix
  rows: 3
  cols: 3
  dt: d
  data: [ 0.00000009, -0.00000782, 0.00062542, -0.00000022, 0.00000330, 0.11658661, 0.00131459, -0.11456980, 1.14845056 ]
